s1_b1  9.567  7.656  9.867
s1_b2  6.000  6.216  6.516
s1_b3  6.567  6.120  6.867
s1_b4  7.900  7.104  8.200
s1_b5  7.700  8.208  8.508
s1_b6  8.700  8.208  9.000
s1_b7  7.600  7.704  8.004
s1_b8  8.067  7.368  8.367
s1_b9  7.767  6.456  8.067
s1_b10  11.400  9.768  11.700
s1_b11  7.800  7.152  8.100
s1_b12  7.100  5.400  7.400
s1_b13  8.600  6.264  8.900
s1_b14  6.500  7.752  8.052
s1_b15  9.000  8.160  9.300
s1_b16  7.367  5.520  7.667
s1_b17  9.567  9.360  9.867
s1_b18  6.400  6.648  6.948
s1_b19  10.167  8.568  10.467
s1_b20  7.000  5.112  7.300
s1_b21  9.900  7.968  10.200
s1_b22  10.067  8.256  10.367
s1_b23  9.800  8.760  10.100
s1_b24  8.167  6.312  8.467
s1_b25  11.300  7.752  11.600
