s1_b1  9.900  8.904  10.200
s1_b2  5.200  4.968  5.500
s1_b3  6.567  0.360  6.867
s1_b4  6.200  7.008  7.308
s1_b5  6.767  6.648  7.067
s1_b6  8.067  9.120  9.420
s1_b7  9.700  7.752  10.000
s1_b8  9.100  7.800  9.400
s1_b9  7.967  7.464  8.267
s1_b10  11.800  11.064  12.100
s1_b11  7.067  5.256  7.367
s1_b12  7.800  7.248  8.100
s1_b13  7.300  5.568  7.600
s1_b14  8.300  7.752  8.600
s1_b15  6.000  5.208  6.300
s1_b16  8.167  9.360  9.660
s1_b17  6.500  6.960  7.260
s1_b18  8.367  9.720  10.020
s1_b19  6.500  5.352  6.800
s1_b20  11.400  10.560  11.700
s1_b21  12.100  9.768  12.400
s1_b22  10.800  8.256  11.100
s1_b23  7.900  7.152  8.200
s1_b24  7.400  3.000  7.700
