s1_b1  7.800  6.816  8.100
s1_b2  5.200  4.560  5.500
s1_b3  5.100  5.712  6.012
s1_b4  7.167  7.008  7.467
s1_b5  4.000  3.504  4.300
s1_b6  6.400  5.568  6.700
s1_b7  9.100  7.848  9.400
s1_b8  5.967  7.248  7.548
s1_b9  8.067  7.320  8.367
s1_b10  5.500  4.368  5.800
s1_b11  9.400  7.920  9.700
s1_b12  8.400  7.464  8.700
s1_b13  6.900  5.568  7.200
s1_b14  7.800  6.360  8.100
s1_b15  7.800  6.600  8.100
s1_b16  6.500  6.360  6.800
s1_b17  10.100  8.952  10.400
s1_b18  6.000  4.848  6.300
s1_b19  10.400  10.104  10.700
s1_b20  6.700  5.856  7.000
s1_b21  9.967  7.512  10.267
s1_b22  5.767  4.608  6.067
s1_b23  12.000  10.656  12.300
s1_b24  15.967  15.912  16.267
s1_b25  11.500  6.456  11.800
