s1_b1  9.067  8.016  9.367
s1_b2  6.300  5.160  6.600
s1_b3  7.700  7.152  8.000
s1_b4  7.000  7.104  7.404
s1_b5  6.800  6.048  7.100
s1_b6  7.667  8.208  8.508
s1_b7  9.167  7.752  9.467
s1_b8  7.300  5.448  7.600
s1_b9  9.500  7.152  9.800
s1_b10  11.800  10.248  12.100
s1_b11  6.700  4.608  7.000
s1_b12  7.767  6.912  8.067
s1_b13  7.000  5.712  7.300
s1_b14  8.500  7.512  8.800
s1_b15  6.767  6.504  7.067
s1_b16  7.800  7.656  8.100
s1_b17  7.000  5.016  7.300
s1_b18  8.167  8.352  8.652
s1_b19  7.500  7.104  7.800
s1_b20  9.800  10.104  10.404
s1_b21  8.667  8.304  8.967
s1_b22  8.567  7.512  8.867
s1_b23  6.467  5.568  6.767
s1_b24  11.567  7.320  11.867
