s1_b1  7.200  7.200  7.500
s1_b2  6.300  6.360  6.660
s1_b3  6.100  5.712  6.400
s1_b4  6.900  6.504  7.200
s1_b5  6.767  7.512  7.812
s1_b6  8.300  8.352  8.652
s1_b7  6.700  6.504  7.000
s1_b8  7.467  6.648  7.767
s1_b9  7.500  7.656  7.956
s1_b10  9.500  7.848  9.800
s1_b11  7.900  5.712  8.200
s1_b12  7.000  5.160  7.300
s1_b13  7.800  7.704  8.100
s1_b14  6.500  6.000  6.800
s1_b15  9.600  9.048  9.900
s1_b16  5.900  5.064  6.200
s1_b17  8.300  8.064  8.600
s1_b18  6.500  6.120  6.800
s1_b19  7.800  7.464  8.100
s1_b20  12.200  9.912  12.500
s1_b21  10.300  7.368  10.600
s1_b22  10.000  8.064  10.300
s1_b23  8.067  6.264  8.367
s1_b24  11.300  7.248  11.600
