s1_b1  9.600  8.448  9.900
s1_b2  7.300  7.800  8.100
s1_b3  8.300  7.848  8.600
s1_b4  6.700  6.312  7.000
s1_b5  7.300  7.368  7.668
s1_b6  8.267  7.608  8.567
s1_b7  8.400  6.552  8.700
s1_b8  8.800  6.816  9.100
s1_b9  8.167  7.512  8.467
s1_b10  8.667  6.504  8.967
s1_b11  7.500  8.304  8.604
s1_b12  8.300  6.000  8.600
s1_b13  8.567  8.448  8.867
s1_b14  5.700  6.120  6.420
s1_b15  8.300  7.056  8.600
s1_b16  6.867  5.904  7.167
s1_b17  8.067  9.216  9.516
s1_b18  7.000  6.552  7.300
s1_b19  9.300  7.368  9.600
s1_b20  10.867  10.512  11.167
s1_b21  10.500  7.968  10.800
s1_b22  9.400  7.416  9.700
s1_b23  13.500  11.808  13.800
s1_b24  7.167  7.752  8.052
